siegel_pnw_url <- "https://zenodo.org/records/8174951/files/"

pnw_hucs <- c(
  170101, 170102, 170103,
	170200,170300,170401,
	170402,170501,170502,
	170601,170602,170603,
	170701,170702,170703,
	170800,170900,171001,
	171002, 171003,171100,
	171200
)

